Calibration_err: 0.5461097693659309
Reproject_err: 0.0
calib_img_num: 54
calib_img_shape: [1920, 1080]
chess_board_size: [6, 13]
distortion:
- [-0.30024632899409137, 0.14355796563273282, -0.0013794514944924369, -0.00020497124837032298,
  -0.05314015086147377]
extrinsic_matrix:
- [-0.10613493047701276, -0.10613493047701276, -0.10613493047701276, -9.43161393503142]
- [-0.14392303423873257, -0.14392303423873257, -0.14392303423873257, -3.673167829309006]
- [0.1529346090513382, 0.1529346090513382, 0.1529346090513382, 30.83796769286971]
flag_calib: true
img_path: ''
intrinsic_matrix:
- [1589.6472085413375, 0.0, 962.9626232715522]
- [0.0, 1589.7020201982157, 549.4354037396171]
- [0.0, 0.0, 1.0]
name: right
save_path: ''
save_prefix: ''
task: Calibration
