Calibration_err: 0.45325062455076387
Reproject_err: 0.0
calib_img_num: 30
calib_img_shape: [720, 540]
chess_board_size: [8, 12]
distortion:
- [0.3190272738901634, -3.946558058129487, -0.004038428177368796, -0.012941012524802654,
  19.962797917736243]
extrinsic_matrix:
- [-0.15019778061935413, -0.15019778061935413, -0.15019778061935413, -4.161921370168514]
- [-0.0661044597530925, -0.0661044597530925, -0.0661044597530925, -3.2350242511803278]
- [-0.06151750758798394, -0.06151750758798394, -0.06151750758798394, 42.76321551652226]
flag_calib: true
img_path: ''
intrinsic_matrix:
- [1170.056785733516, 0.0, 397.2281123245845]
- [0.0, 1170.3070546422807, 259.95553175180663]
- [0.0, 0.0, 1.0]
name: HaiKang_left
save_path: ''
save_prefix: ''
task: Calibration
