Calibration_err: 0.47621420365859124
Reproject_err: 0.049353287038912876
calib_img_num: 52
calib_img_shape: [1836, 949]
chess_board_size: [6, 13]
distortion:
- [-0.0020826622283449613, 0.008988006663355535, -5.9155429416101925e-05, -0.0001782730921617616,
  -0.0071065039212184]
extrinsic_matrix:
- [0.13212747615667106, 0.13212747615667106, 0.13212747615667106, -8.111484085505115]
- [-0.09789419864318545, -0.09789419864318545, -0.09789419864318545, -5.015495664690172]
- [0.24172123290638653, 0.24172123290638653, 0.24172123290638653, 28.596845922960412]
flag_calib: true
img_path: ''
intrinsic_matrix:
- [1360.208161750884, 0.0, 926.1662326648732]
- [0.0, 1360.8618268911532, 482.4382929394621]
- [0.0, 0.0, 1.0]
name: right
save_path: ''
save_prefix: ''
task: Calibration
