Calibration_err: 0.48145469987603623
Reproject_err: 0.05074974982390311
calib_img_num: 54
calib_img_shape: [1920, 1080]
chess_board_size: [6, 13]
distortion:
- [-0.3104688834281341, 0.47230673358438424, -0.001734063167374736, -0.0013532344611051786,
  -2.021624209461664]
extrinsic_matrix:
- [0.0638226780297565, 0.0638226780297565, 0.0638226780297565, -5.471361887284552]
- [-0.08001856944141565, -0.08001856944141565, -0.08001856944141565, -2.3295695276311434]
- [-0.05788875456408806, -0.05788875456408806, -0.05788875456408806, 28.66488778479482]
flag_calib: true
img_path: ''
intrinsic_matrix:
- [1562.2319577094672, 0.0, 960.9486021126656]
- [0.0, 1562.571056553991, 544.6997302319911]
- [0.0, 0.0, 1.0]
name: left
save_path: ''
save_prefix: ''
task: Calibration
