Calibration_err: 0.5461097693659309
Reproject_err: 53.36915653697229
calib_img_num: 54
calib_img_shape: [1920, 1080]
chess_board_size: [6, 13]
distortion:
- [2.328828722574051, -7.204005889864765, 0.0, 0.0, -0.05314015086147377, 0.0, 0.0,
  -6.617576216851543, 0.0, 0.0, 0.0, 0.0, 0.0, 0.0]
extrinsic_matrix:
- [-0.10613493047701276, -0.10613493047701276, -0.10613493047701276, -9.43161393503142]
- [-0.14392303423873257, -0.14392303423873257, -0.14392303423873257, -3.673167829309006]
- [0.1529346090513382, 0.1529346090513382, 0.1529346090513382, 30.83796769286971]
flag_calib: true
img_path: ''
intrinsic_matrix:
- [2228.173844923352, 0.0, 1545.2015349486128]
- [0.0, 2228.4523140619735, 623.7018011200868]
- [0.0, 0.0, 1.0]
name: right
save_path: ''
save_prefix: ''
task: Calibration
