Calibration_err: 0.48216680474016005
Reproject_err: 0.05065920920465342
calib_img_num: 52
calib_img_shape: [1920, 991]
chess_board_size: [6, 13]
distortion:
- [0.011765102286793146, -0.21626235934514665, 0.0003048866208695625, 0.0010165232165583388,
  1.1431142929895974]
extrinsic_matrix:
- [0.1246862264078844, 0.1246862264078844, 0.1246862264078844, -7.396679868019509]
- [-0.21840912841849383, -0.21840912841849383, -0.21840912841849383, -3.1922263994702793]
- [-0.03680801701992049, -0.03680801701992049, -0.03680801701992049, 27.17263098335185]
flag_calib: true
img_path: ''
intrinsic_matrix:
- [1576.9146112760884, 0.0, 966.7761978526523]
- [0.0, 1447.6153285075793, 502.43384936936224]
- [0.0, 0.0, 1.0]
name: left
save_path: ''
save_prefix: ''
task: Calibration
