Calibration_err: 0.47621420365859124
Reproject_err: 2976.181779491034
calib_img_num: 52
calib_img_shape: [1836, 949]
chess_board_size: [6, 13]
distortion:
- [24.953367341186475, -1273.3864822020132, 0.0, 0.0, -0.0071065039212184, 0.0, 0.0,
  -20298.958045411728, 0.0, 0.0, 0.0, 0.0, 0.0, 0.0]
extrinsic_matrix:
- [0.13212747615667106, 0.13212747615667106, 0.13212747615667106, -8.111484085505115]
- [-0.09789419864318545, -0.09789419864318545, -0.09789419864318545, -5.015495664690172]
- [0.24172123290638653, 0.24172123290638653, 0.24172123290638653, 28.596845922960412]
flag_calib: true
img_path: ''
intrinsic_matrix:
- [18187.774183849157, 0.0, 3576.370975509653]
- [0.0, 18196.514547491563, 192.4846288425565]
- [0.0, 0.0, 1.0]
name: right
save_path: ''
save_prefix: ''
task: Calibration
