Calibration_err: 0.48216680474016005
Reproject_err: 3145.01819840938
calib_img_num: 52
calib_img_shape: [1920, 991]
chess_board_size: [6, 13]
distortion:
- [6.329770240405926, 503.28630643227507, 0.0, 0.0, 1.1431142929895974, 0.0, 0.0,
  -12492.277394394629, 0.0, 0.0, 0.0, 0.0, 0.0, 0.0]
extrinsic_matrix:
- [0.1246862264078844, 0.1246862264078844, 0.1246862264078844, -7.396679868019509]
- [-0.21840912841849383, -0.21840912841849383, -0.21840912841849383, -3.1922263994702793]
- [-0.03680801701992049, -0.03680801701992049, -0.03680801701992049, 27.17263098335185]
flag_calib: true
img_path: ''
intrinsic_matrix:
- [6738.369281982389, 0.0, 977.5095792209745]
- [0.0, 6185.855969619444, 459.4774103607758]
- [0.0, 0.0, 1.0]
name: left
save_path: ''
save_prefix: ''
task: Calibration
