Calibration_err: 0.44528929472246376
Reproject_err: 0.0
calib_img_num: 30
calib_img_shape: [720, 540]
chess_board_size: [8, 12]
distortion:
- [0.11658387554797589, -5.032637471531454, -0.00019294029445398057, 0.003157843170916527,
  56.36506914516906]
extrinsic_matrix:
- [-0.18089325148604857, -0.18089325148604857, -0.18089325148604857, -9.321956971853533]
- [0.0009224377654376618, 0.0009224377654376618, 0.0009224377654376618, -2.8386160419899156]
- [-0.039005264338198856, -0.039005264338198856, -0.039005264338198856, 39.62961156646829]
flag_calib: true
img_path: ''
intrinsic_matrix:
- [1152.5963522834684, 0.0, 361.3089746857379]
- [0.0, 1155.8867098303435, 269.7987305767273]
- [0.0, 0.0, 1.0]
name: HaiKang_right
save_path: ''
save_prefix: ''
task: Calibration
