Calibration_err: 0.48145469987603623
Reproject_err: 13.027360760440333
calib_img_num: 54
calib_img_shape: [1920, 1080]
chess_board_size: [6, 13]
distortion:
- [-2.8466157330685786, 88.86657631255414, 0.0, 0.0, -2.021624209461664, 0.0, 0.0,
  532.0324617717848, 0.0, 0.0, 0.0, 0.0, 0.0, 0.0]
extrinsic_matrix:
- [0.0638226780297565, 0.0638226780297565, 0.0638226780297565, -5.471361887284552]
- [-0.08001856944141565, -0.08001856944141565, -0.08001856944141565, -2.3295695276311434]
- [-0.05788875456408806, -0.05788875456408806, -0.05788875456408806, 28.66488778479482]
flag_calib: true
img_path: ''
intrinsic_matrix:
- [2228.173844923352, 0.0, 1016.664632327627]
- [0.0, 2228.4523140619735, 565.5176167946834]
- [0.0, 0.0, 1.0]
name: left
save_path: ''
save_prefix: ''
task: Calibration
